10 18 1
2 4 12 19 22 25
4 7 10 11 13 14 15 16 22 23 24 27 28
2 27 28
0 1 2 4 7 8 9 11 13 14 18 20 21 24 26
6
3 5 6 7 8 9 10 11 12 13 14 16 17 22 24 25 26 27 15 20 23 2 4 0 21 28
17 28 4 10 23 24 2 3 5 6 7 8 9 11 12 15 18 19 21 22 27 29
18 20 22 24 27 4 26 0 1 2 3 7 8 9 10 12 14 16 19 21 23 25 28 29
10 24
0 1 3 4 8 9 10 13 15 16 17 18 19 20 24 25 26 27 28
1 2 4 5 6 8 9 10 11 14 15 18 19 20 22 25 26 27 29
1 4 17 22 24 28
1 2 4 5 6 8 9 10 11 14 15 18 19 20 22 25 26 27 29
5 8 14 16 20 22 27
0 1 2 4 7 8 9 11 13 14 18 20 21 24 26 5 10 12 17 19 22 23 27
10 14 17 18 21 2 3 4 6 7 8 9 11 12 16 19 22 24 25 27 29
4
28 15 3 11 23 0 2 10 13 14 17
4 10 13 14 15 16 19 26 27 29 2 3 5 7 8 17 18 22 1 11 20 21 23 24 28
0 1 2 5 7 8 9 13 15 18 20 21 22 23 25 27 28 29
3 5 8 14 16 18 21 22 25
14 17
0 1 2 3 5 7 11 12 15 16 19 22 25 26 28 29

8
0 2 3 4 6 7 9 10 12 14 17 21 22 24 28 29
4 6 7 8 13 16 17 18 19 20 21 23 24 28 29
0 2 3 5 9 10 11 13 14 15 17 19 23
0 2 17 20

0 1 2 3 5 7 11 12 13 14 15 17 21 22 25 26 28 29

2 5 6 8 11 14 16 23
3 7 8 10 12 15 18 20 22 26 27 28
0 1 8 9 13 15 20 25 27 29 2 17 22 23 10 12 16 19 4 7 11 21
9 15 18 19 26


0 1 2 10 11 15 21 23 24 27 28
3 5 7 8 9 10 11 13 14 17 24 27 0 2 4 6 20 22 26 29
3 4 7 10 11 12 13 14 15 16 22 23 24 27 28
6 7 12 14 15 20 22 24 26 28 13 16
1 2 3 10 11 12 13 14 15 16 17 19 20 21 22 23 26 29

2 11 14 19 22 5 6 7 18 27 1 3 4 8 20 23 24 25 28 0 15 16 26 29 17 21 9 10 12 13
12 13 23 26 28
17 23 18 28 1 7 8 9 10 12 14 19 20 0 3 22 2 4 11 13 26 29 15 5 16 27 21 24 6
0 2 3 11 12 14 15 17 18 20 24 28
0 1 3 4 8 9 10 11 12 13 14 15 17 18 19 21 22 24 26 29 7 28 5 6 20 27
1 2 4 5 7 9 11 13 14 19 20 22 23 25 26 27 29 6 8 10 17 28 0 3 15 18
0 2 8 10 13 20 21 22 26 28 4 24 27
1 2 5 8 10 13 15 16 18 19 23 24 25 26 27 28 29
0 2 9 10 12 16 17 18 22 23 25 29
22 25 29 8 12 14 21 7 16 23 0 13 15 24 27 1 2 5 9 18 20 28
17
1 2 5 7 8 9 11 13 14 15 16 17 19 20 21 22 23 25 29
2 3 4 5 7 8 9 11 14 15 17 18 19 21 24 27 28 29

8 15 3 5 6 20 24 23 7 21 25 29 2 0 10 12 22
2 5 7 13 15 23 24
9 10 17 22 26 29 3 4 13 19 25 28 24 27 12 16 7 14 15 2 8 11 20 21 6 23 5 18 0
0 3 15 23 24 28

0 1 8 9 11 12 13 14 15 17 18 19 22 25 26 27
1 6 7 10 11 13 14 15 18 19 20 21 25 26 28 29 4 17 22 24 0 12 2 5 9
15 18 19 26
13
2 9 13 20 21 23 24 25 0 1 3 4 5 7 8 14 18 19 28 29 11 12 15 27
4 13 19 26 29 0 2 3 12 15 20 24 27 1 6 7 14 16 17 18 21 25 5 22 28 8 9 10 11
0 11 12 14 20 21 22 29 1 2 4 5 6 8 16 23 26 27 28 7 10 13 3 9 18 19 25
5 10 19 0 2 3 7 8 9 11 13 14 16 18 21 22 24 25 26 27 28 29 1 4 6 12 17 15 20
3 11 20 23
0 1 2 3 5 6 8 9 10 12 16 18 21 23 24 26 4 7 11 15 25 22
7 8 21 24 25 29 0 2 3 5 9 10 11 13 14 15 17 19 23
5 8 14 20 22 27 16
0 1 2 5 7 8 9 13 15 18 20 21 22 23 25 27 28 29 4 6 16 17 14 19 11
4 5 6 12 16 17 20 29
20 28 0 1 3 4 8 9 10 11 12 13 14 15 17 18 19 21 22 24 26 29
1 2 4 5 7 9 11 13 14 19 20 22 23 25 26 27 29
1 2 4 5 6 8 9 10 11 14 15 18 19 20 22 25 26 27 29 3 12 16 17 23 0 7 13 21 24
0 1 2 3 4 5 7 8 11 12 15 16 18 20 21 22 23 26 27 29
0 6 7 11 15 17 25 29
13
2 0 1 3 5 7 8 10 13 14 15 16 17 18 19 21 22 24 25 26 27
2 4 6 7 8 9 10 13 17 22 26 28 29 11 15 24 25
0 2 3 11 12 14 15 17 18 20 24 28
8 15
0 3 6 7 8 9 14 15 16 18 20 22 23 24 27 29
11 14 20 21
7 8 21 24 25 29 0 1 2 3 6 9 12 14 17 20 22 26 28 16 10 4 5 13 23 11 19 18 15

1 2 4 7 8 9 10 11 12 13 14 15 16 18 20 22 23 25 27 28 29 5
11
5 8 14 20 22 27 6 9 15 17 7 13 29 10 0 1 3 12 26 28
28
8 10 12 16 20 25 26 29
17
5 6 8 9 14 15 16 17 18 20 22 28
0 13 21 24 15 8 27 29
