0 1 3 5 6 7 8 11 13 14 17 20 24 25 26 28 29 32 36 44 46 47 48 49 50 51 52 54 60 61 68
0 2 3 5 8 9 11 14 17 21 24 26 28 29 30 32 35 36 42 43 45 47 48 50 51 52 58 59 64 66 69
2 5 6 9 14 22 24 25 27 31 32 33 35 37 38 41 42 45 46 49 50 51 55 56 60 62 65 69
22 3 8 54 55 0 6 36 68
2 4 30 52 6 14 38 40 49 63 67 69
1 5 9 11 12 13 14 19 20 21 22 25 30 31 39 41 42 43 45 50 51 52 54 58 59 63 66 67
8 18 24 32 35 42 51 54 60 61
22 39
1 8 12 14 24 26 34 43 54 55 67 13 19 20 22 47
0 1 2 4 6 7 11 14 15 17 18 21 24 25 29 31 32 35 36 38 41 42 43 47 52 56 57 67 9 28 39 66
69
2 42
4 10 27 30 33 42 62 68
2 3 7 6 9 12 18 21 24 27 29 34 43 49 54 55 56 58 59 62 64 69
4

0 1 2 6 8 9 10 11 14 16 17 18 20 21 25 26 29 31 32 37 41 42 43 46 48 50 51 52 55 56 58 60 61 62 64 66
13 18 28 33 38 39 52 61 64 0 3 14 16 19 20 25 29 31 32 34 40 42 46 49 51 54 58 66 68 69
2 6 8 14 20 22 31 35 43 61 63
37 47 69 49 48
0 23 43 55 2 3 4 5 7 8 9 10 11 12 14 17 19 21 25 26 27 28 29 30 36 38 39 40 42 45 46 48 51 52 53 54 57 58 59 62 63 65 66 67 69
5 18 22 47 50 52 55 63 64 7 17 33 3 11 16 20 21 26 27 31 40 46 58
1 4 6 7 8 9 10 11 13 14 16 18 19 20 22 31 32 33 35 36 37 38 39 41 44 46 48 50 52 56 57 60 63 64 65 66 67
21 49 50 0 3 18 42 67 2 17 26 30 39 44 45 46 53 58 59 61 65 4 11 13 31 43 5 6 9 10 14 15 16 19 20 23 24 25 27 29 32 34 36 38 40 41 47 48 52 56 60 63 66 69 22 7 8 28 33 35 37 57 68 1 51 54 55 62 64
0 1 5 6 10 11 13 14 15 16 19 23 26 29 31 32 33 34 35 36 38 40 41 44 46 47 48 49 52 53 54 56 57 60 61 62 65 2 3 7 9 22 25 27 30 39 43 45 67 4 8 18 21 28 42 50 55 59 63 64 66 68
0 1 5 9 11 13 15 17 18 19 21 23 25 26 27 29 30 33 34 35 36 37 38 40 42 43 44 45 47 49 50 53 57 58 59 61 63 66 67 69
2 4 5 7 9 11 15 16 17 18 20 21 22 24 25 26 27 28 29 31 32 33 34 35 37 38 40 42 43 46 48 49 50 53 56 58 59 61 66 67 68 69
0 1 3 5 8 9 12 14 16 17 24 26 27 28 29 30 31 34 35 36 41 43 44 46 49 53 54 55 57 59 60 63 64 65 66 67 68 69 47 48 23 6 7 10 39 58 61
18 46 61 13 16 20 29 35 0 3 28 34 40 42 51 59 66 67
10 14 15 24 25 27 35 38 41 42 43 46 47 48 49 50 53 55 64 66 69
0 7 8 15 16 18 19 20 21 22 23 25 27 28 29 30 31 32 33 37 40 41 42 43 44 45 47 48 51 52 53 55 57 58 59 61 64 65 68 3 11 14 46 67 2 6 9 10 13 17 24 36 49 62 66 5 26 34 35 39 54 60 69 1 50 63 38 12
2 3 5 13 14 16 17 18 19 24 26 31 36 37 40 42 44 45 48 57 61 63 65 67 69
14 15 22 45 48 53 60 69 4 12 25 30 35 37 40 54 63 65 2 28 36 57 56 51 44
4 5 7 9 10 13 14 16 18 19 20 26 29 39 43 48 49 52 58 60 62 65
22 27 59 2 5 6 9 14 24 25 31 32 33 35 37 38 41 42 45 46 49 50 51 55 56 60 62 65 69 0 4 7 8 10 18 21 47 68 15 54 66

5 37 42 58 62
1 6 8 11 12 13 14 15 17 19 20 21 22 24 26 27 31 34 40 43 47 48 49 53 54 55 56 59 61 67 69
18 45 46 57 69 62 3 5 6 8 9 12 13 16 17 19 20 21 23 24 25 26 28 31 33 34 35 36 37 38 40 41 42 43 44 47 48 49 52 54 55 56 63 64 66 7 11 15 27 29 60 4
13 63 11 19 17 56
0 3 4 6 7 9 11 13 14 15 17 19 22 23 26 27 28 30 38 40 41 42 44 45 48 51 52 57 58 62 65 67 69
1 2 4 6 8 9 11 14 15 18 28 29 30 32 33 35 36 40 42 44 47 48 49 50 51 52 56 58 62 63 65 68 69
5 7 9 11 12 20 32 35 37 42 52 59 61 62
30 49
57 52 7 10 12 13 15 16 23 25 33 40 41 45 47 49 50 68 2 4 5 6 8 17 19 20 21 24 28 29 31 34 35 37 38 39 46 48 56 58 59 60 65 67 0 1 3 9 11 22 27 30 32 43 44 53 62 42 26 54 55 69 61
7 9 10 22 23 24 26 27 30 34 37 38 39 40 41 42 43 44 45 46 47 51 52 53 55 59 62 64 65 67 68 69 2 4 5 50
11 12 14 15 61 37 49 2 4 13 17 21 30 65 68 69 31 5 6 9 29 42 45 47 60 67 7 10 51 38 52 1 3 8 19 25 26 27 34 36 40 46 57 66 18 28 33 39 64
1 2 5 6 8 10 12 13 14 16 19 20 21 22 23 25 26 28 31 32 36 37 38 39 41 42 43 44 46 47 49 50 51 53 55 56 60 65 68 69
4 5 7 9 10 13 14 16 18 19 20 26 29 35 39 43 47 48 49 52 58 60 62 65 22 25 53 31 41 63
1 3 4 5 8 11 12 14 19 20 22 23 24 25 27 28 29 30 33 36 38 41 42 43 44 45 46 48 52 53 56 57 59 60 65 67 68
0 3 13 16 20 21 29 34 40 46 59 66 1 2 4 6 8 9 11 14 15 18 28 30 32 33 35 36 42 44 47 48 49 50 51 52 56 58 62 63 65 68 69 5 12 19 23 26 27 38 54 55 57 60 61 64 7 17 37 53 67 10 24 25 43 45 22 31 41 39
15 47
0 2 11 13 15 16 18 21 25 26 32 33 35 36 43 45 46 57 58 60 66 68
5 10 12 24 26 30 33 34 37 41 45 52 54 62 64 66
57 67 69 3 11 4 17 13 14 22 33 36 42 46 49 61 62 64
1 13 20 40 48 51 67 18 68 42 11 22 15 24 27 45 56 64 66
0 3 4 6 7 9 11 13 14 15 17 19 22 23 26 27 28 30 38 40 41 42 44 45 48 51 52 57 58 62 65 67 69 2 8 12 16 18 20 24 32 34 47 50 53 55 56 63 64 66 1 31 33 35 37 10 21 25 36 43 46 49 54 60 61 68 5
2 4 5 18 23 25 27 42 46 49 50 3 13 17 21 24 34 35 44 48 51 54 55 60 61 69 0 1 11 19 28 43 66 10
9 28 66 1 7 10 11 13 14 19 20 22 31 36 39 41 50 52 63 67
4 10 27 30 33 42 62 68 0 6 7 8 18 21 24 37 47 55 69 22 39 13 15 32 54 63
35 52 57 65
13 26 42 57
13 15 20 47 61 0 6 11 17 18 21 22 28 30 33 35 36 37 38 40 41 43 44 45 46 48 55 56 57 58 59 60 62 63 66
4 10 27 30 33 42 62 68
55
0 1 2 4 6 7 11 14 15 17 18 21 24 25 29 31 32 35 36 38 41 42 43 47 52 56 57 67
0 1 7 9 19 21 23 26 32 33 38 46 50 54 56 57 59 60 62 64 65 17 2 36 66 5 31 6 29 14 22 24 25 27 35 37 41 42 45 49 51 55 69 3 4 12 53 11 15 8 13 18 28 47 68 10 30 48
4 20 35 37 45 64 66
0 33 37 38 40 63 9 35 27 31 44 52 3 59 8 57 23
42 61 54 40 65 66 56 57
0 4 6 7 8 10 18 21 24 33 37 47 55 68 69 2 14 19 38 42 49
0 1 2 6 8 9 10 11 14 16 17 18 20 21 25 26 29 31 32 37 41 42 43 46 48 50 51 52 55 56 58 60 61 62 64 66
0 2 17 26 30 39 44 45 46 53 58 59 61 65 3 4 5 6 7 9 11 12 14 18 22 24 25 27 29 31 32 34 35 36 40 41 42 47 48 49 51 52 54 56 63 68 69 1 10 16 19 20 23 33 38 43 55 60 62 64 66 8 28 50 67

2 4 7 8 15 17 21 25 29 40 47 49 63 66 11 26 31 34 48 59 0 28 46 58 60 62
12 18 62
4 8 9 12 13 15 22 23 27 28 29 30 31 32 33 35 39 40 49 53 54 55 56 59 61 62 67 68
3 12 33 34 37 46 49
3 4 5 7 8 10 12 26 28 32 34 35 41 43 45 46 48 49 54 61 64 66 67 9 17 22 25 29 33 38 40 52 53 60 68 69 0
41 34 13 55 10

38 0 13 20 29 35 40 42 46 51 59 61 64 66 67 36 52 56 62 1 6 11 15 17 19 24 27 43 47 48 53 54 55 69 2 4 7 10 23 39 50 57 60 65 25 30 5 33 58 63 31 8 9 14 16 21 22 28 41 44 45 49 32 68 26
1 2 4 6 8 9 11 14 15 18 28 29 30 32 33 35 36 40 42 44 47 48 49 50 51 52 56 58 62 63 65 68 69
3 7 8 11 15 18 19 24 27 29 36 38 54 60 66 69
5 13 15 16 22 25 29 31 35 41 53 54 60 62 63 64 65 66 68
35 52 57 65
7 10 23 47 3 61 8 28 59
24 60 2 6 12 14 17 35 43 1 3 16 18 23 29 30 32 36 37 42 49 50 52 55 62 66 10 13 34 41 31 39 57 58 61
2 3 4 6 7 8 9 10 11 14 15 17 18 21 22 23 27 28 32 33 34 36 37 38 46 47 48 50 54 55 58 60 62 65 66 67 68 69 35 30 45 52 5 13 19 29 31 49 56 24 51 0 41 57 16 44 64 1 20 39 40 43 61 63 12 42 59

0 2 5 7 8 11 13 18 21 22 23 24 30 33 34 35 36 37 39 41 43 44 50 52 53 54 55 57 59 60 62

2 24 40 42 48 65 6 22 30 35 55 68 32 60 0 12 34 39 41 46 49 54 59 28 11 14 27 66 67 23 38 1 8 50 62 64
7 13 24 31 33 42 45 69 12 34 37 61 9 17 49 54 59

37 47 49 62 23 16 19 20 27 28 30 31 34 43 45 60 61 64 69 4 10 33 42 68

0 2 6 7 8 10 11 12 13 14 16 19 22 24 26 28 30 31 32 33 34 35 36 38 40 41 42 45 46 49 50 51 53 54 56 60 61 62 64 67 69
46 64 5 33 36 62
1 2 5 6 12 13 21 38 40 49 54 55 69 3 4 7 8 9 10 11 15 18 19 25 26 29 30 31 35 36 39 43 45 51 52 53 58 59 60 62 63 65 66 67 68 14 16 22 34 48 47 61 33 44 46 17 24 27 32 37 42 0 23 28 41 50 64
2 3 7 9 10 11 13 15 19 20 21 24 26 28 32 34 36 38 44 45 46 47 49 50 51 52 53 55 57 58 62 63 64 66 67 69 5 12 35 37 42 59 61
49 29 4 18 0 3 6 8 9 11 12 15 16 20 21 22 25 26 27 28 30 31 32 33 34 36 39 41 42 45 48 51 52 53 54 55 56 57 59 60 61 62 64 65 66 67 68 69 1 2 5 10 13 19 37 43 44 50 63
5 13 24 35 46 49 51 62 9 23 31 33 40 42 61 67 0 10 22 29 38 39 43 55 57 58 3 30 34 68
0 1 2 11 12 14 15 16 17 18 19 20 23 26 27 28 30 31 36 39 40 41 48 51 52 55 56 59 60 62 64 66 69 6 35 42 49 50 68 3 22 43 44 57 65 10 33 34 45 47 61
8 9 10 14 18 21 24 32 38 41 42 43 46 47 50 55 56 63 15 30 31 35 36 37 44 54 57 60 61 13 28 33 39 52 64

24 5 6 7 9 15 17 18 22 33 36 45 47 50 51 52 55 56 57 61 63 64 0 12 14 16 19 21 23 25 26 27 30 31 32 38 40 41 42 43 44 53 54 60 62 65 66 67 68
3 11 16 20 21 26 27 31 33 40 46 58 63 5 67 29 52 53 68 12 23 24 28 41 42 45 56 57 59 65 1 8 14 25 43 48 60 19 35 2 7
7 21 33 68
1 10 44
0 57 10 29 38 46 56 65 19 43 60 66
0 2 6 7 8 10 11 12 13 14 16 19 22 24 26 28 30 31 32 33 34 35 36 38 40 41 42 45 46 49 50 51 53 54 56 60 61 62 64 67 69
4 6 7 8 9 10 11 13 14 15 16 17 18 19 24 25 26 27 29 30 32 33 35 37 40 41 45 46 47 48 51 52 53 59 60 68 0 1 2 3 5 12 20 23 28 34 36 39 42 43 49 50 54 55 57 58 62 66 67 69
35 33 42
5 7 9 11 12 20 32 35 37 42 52 59 61 62

3 4 7 12 13 19 23 24 25 31 32 33 34 35 38 43 46 49 54 58 60 68 69 5 16 17 20 41 51 8 30 42 45 56 62
0 31 57 9 27 44 5 17 43 46 59 64 14 69
7 37
1 3 4 5 6 7 8 9 10 11 13 15 18 19 21 25 26 29 30 31 35 36 39 40 43 45 49 51 52 53 54 55 58 59 60 62 63 65 66 67 68 69
0 1 3 4 6 7 11 14 15 18 24 25 26 29 33 35 36 38 41 43 44 45 48 50 55 56 57 59 60 63 64 65 66 67


0 1 2 3 5 6 7 9 12 14 18 21 24 27 29 31 33 34 37 39 43 48 49 54 55 56 58 59 61 62 64 69
18 33 38 44 46 64
0 2 3 4 5 6 7 8 13 15 17 18 21 22 26 27 28 32 33 34 36 37 38 39 40 41 42 43 46 47 49 50 55 56 57 58 59 60 63 64 66 67 68 69 9 45 51 52 61 14 24 25 31 35 62 65
3 44 49 57 59 67 7 8 11 15 18 19 24 27 29 36 38 54 60 66 69 35 45 64 1
0 1 12 23 32 55 61 26 65 8 11 19 28 33 38 51 54 56 60 48
2 7 10 12 13 15 25 26 29 30 37 38 60 61 65 67 53
0 3 4 6 7 9 11 13 14 15 17 19 22 23 26 27 28 30 38 40 41 42 44 45 48 51 52 57 58 62 65 67 69
2 3 4 6 7 8 9 10 11 14 15 17 18 21 22 23 27 28 32 33 34 36 37 38 46 47 48 50 54 55 58 60 62 65 66 67 68 69
5 22 50 35 37 66 7 9 69

19 41 63
5 6 7 9 15 17 18 22 33 36 45 47 50 51 52 55 56 57 61 63 64 3 24 37 54 59 62 2 13 34 49 58 69 38 46
4 9 12 13 15 29 30 31 49 61 67 68
8 9 15 22 29 32 46 52 2 4 5 6 12 18 21 24 25 27 30 31 38 39 40 43 45 47 49 53 55 64 66 67
4 6 8 18 24 2 5 14 16 17 23 26 32 36 39 42 43 44 45 52 59 62 64 65 30 31 41 49 50 61 67 35
7 11 20

20 24 27 31 36 42 43 55 56 8 35 4 6 7 9 10 11 13 14 15 16 17 18 19 25 26 29 30 32 33 37 40 41 45 46 47 48 51 52 53 59 60 68 21 34 38 39 44 49 50 54 63 64 65 66 69 3 22 57 61 67 0 2 23 58 1 12 28 62 5
0 1 3 5 8 9 12 14 16 17 24 26 27 28 29 30 31 34 35 36 41 43 44 46 49 50 53 54 55 57 59 60 63 64 65 66 67 68 69
13 33 43 56

0 3 8 13 16 18 20 21 28 29 34 35 40 42 46 51 59 61 64 66 67
0 11 17 30 34 43 53 63 65 67 4 42 55 64 6 7 28 32 44 47 48 52 2 5 9 10 12 13 15 19 21 25 26 29 31 37 38 45 49 51 57 60 61 66 68 69 8 62 39 46 58 59 3 14 23 1 16 18 20 22 33 35 36 41 50 56 40 54
0 1 9 27 31 33 35 37 38 40 44 52 63 15 28 29 48
2 4 13 17 18 19 21 22 24 27 28 30 32 40 41 46 49 53 55 61 65 68 69
2 3 4 6 7 8 9 10 11 14 15 17 18 21 22 23 27 28 32 33 34 36 37 38 46 47 48 50 54 55 58 60 62 65 66 67 68 69
6 8 21 25 31 38 41 48 55 0 2 47 64 66 67 68 11
