a 5 10 18 19 20 22
aa 4 6 8 26 27 28
aaeaaeeaau 3 4 7 14 19 26 27
aaooii 0 4 6 8 9 11 13 17 18 19 20 21 22 23 24 25 27 28
aaua 1 3 4 8 10 11 13 14 15 19 20 22 24 25
aaueeaui 1 3 5 6 12 13 14 15 16 18 19 21 24 28 29
aauu 0 1 2 5 6 7 8 10 11 13 15 16 18 22 23 24 27 28 29
aeiiaioea 0 1 2 3 5 8 11 12 16 17 18 19 20 22 23 26 27 28 29
aieauiuuia 0 1 6 7 8 9 10 11 12 13 15 16 17 19 20 24 25 26 27 29
aoai 1 3 4 6 7 8 11 12 13 14 15 16 17 19 20 22 23 24 29
aoiuuiueao 2 5 8 9 10 13 14 15 16 17 18 19 20 23 25 27
aooiaueu 0 2 6 7 8 9 10 12 13 15 19 20 21 23 27 28
au 21 23
e 18
ea 13
eaeauoaa 6 13 21
eaeio 0 2 4 8 10 13 14 22 28 29
eao 0 6 10 11 15 16 17 19 20 22 26
eaoaaooueu 2 6 10 14 16 23 27 29
eaoiiooio 2 3 4 7 8 9 10 12 14 16 17 19 21 23 24 26 29
eeeooiiioe 2 7 9 10 15 18 19 25 26 29
eeiuiioea 0 1 5 6 7 12 14 15 16 20 21 22 23 24 25 26 27 28 29
eeuoao 1 2 3 4 6 7 9 10 16 17 18 20 23 26 27 29
ei 0 1 4 6 11 12 14 16 18 20 21 22 24
eiauuua 0 1 2 5 7 10 12 13 15 16 17 19 21 22 23 25 27 28
eiiau 2 4 6 7 8 12 16 18 20 21 22 23 24 27 28 29
eoe 0 1 2 3 5 6 8 11 12 14 16 17 18 19 22 23 24 29
eoeuaueooe 5 7 12 15 16 17 18
eoiiaeui 3 18 20 21
eooiaoa 29
eoou 6
eouoaaeoa 6 13 19 24
eu 3 4 5 6 7 8 9 10 11 15 20 21 22 23 24 26 27 28
euuoaeiaei 1 2 6 10 14 15 17 18 22 24 28
i 19 20
iae 0 1 4 5 15 22 26 28
iau 1 2 3 4 5 6 9 13 15 16 17 20 22 23 24 27 28
iiiiuiau 0 1 2 4 5 8 9 10 11 13 14 15 17 21 25 27 29
iioieaioi 2 5 6 8 12 15 19 23 27
iiuuooai 2 4 6 8 9 10 12 14 16 18 20 23 24 25 26 27 29
io 0 1 3 4 6 8 9 10 11 12 14 15 17 20 23 24 25 28 29
ioeeuaaeiu 0 1 2 6 8 9 11 17 20 22 25 28 29
ioioeuuue 5 8 9 10 11 14 15 16 18 20 25 26 27
ioioue 0 1 4 10 12 25
iu 0 2 5 11 17 18 19 20 21 22 23
iuiaaia 0 1 2 3 4 7 9 10 12 14 17 20 21 22 24 25 26 27 28 29
iuu 0 1 2 4 6 7 11 14 16 18 20 21 23 24 26 28
o 0 2 6 9 13 14 16 18 19 20 22 26 28 29
oaeeiau 0 3 4 5 8 10 12 16 17 20 22 23 25
oaeeu 0 13 16
oaeioeouii 1 3 4 8 9 11 13 14 15 16 18 19 20 21 24 25 26 28
oaoeueaaie 0 1 5 6 7 8 9 12 13 14 15 16 18 19 20 21 23 25 27 28 29
oeaiueaoa 0 4 6 7 11 12 17 19 21 22 23 25 27 29
oeiao 0 9 21 23
oeoa 1 2 3 4 5 6 7 9 10 11 12 13 14 15 17 19 23 24 25 28 29
oeoiuo 6 20
oeu 6 7 9 13 16 18 22 24 27
oeuooi 1 3 4 5 6 8 9 11 13 14 16 19 21 22 23 24 25 26 28 29
oi 7 10 11 19 20
oiaaia 0 1 5 6 7 9 13 16 18 19 22 23 24 25 27 29
oiiueeoi 2 4 8 9 10 11 12 13 16 17 18 20 25 26 29
oioaeu 3 4 5 6 8 10 12 17 18 19 21 22 23 25 26 28
oiouooio 0 1 2 4 6 7 9 10 11 15 17 20 21 22 23 24 25 26 29
oiu 2 4 5 7 9 10 14 15 16 17 18 19 22 26 28 29
oiuauo 0 4 5 6 7 11 13 20 23 24 28
ooauo 7 10 21
ooe 2 3 9 10 17 19 21 22 23 29
ooeieeuaio 1 2 5 12 15 22 24 25 28
ou 3 6 8 11 12 13 14 15 18 21 22 23 25 29
ouaa 3 4 5 8 11 12 14 18 20 23 25 27 29
ouaoouiuae 0 3 4 5 6 8 11 17 22 23 25 27
ouaueooa 0 1 2 3 4 6 9 10 11 16 19 22 23 24 27 29
oueeeiaaa 2 4 5 16 18 26 27 29
oueieu 0
ouu 6 9 14 29
u 3 5 7 8 9 12 14 19 20 22 24
uaeeioiaoe 4 6 10 24 26
uaieeeoee 2 3 4 5 6 7 8 11 13 20 22 24 26 27 29
uaoauuo 2 22 24 25
uauaoiaei 2 4 16 22 23 25 28 29
uaueue 1 2 6 9 11 12 15 16 18 21 22 26 27 28 29
ueiua 11 27
ueouou 0 1 3 4 5 8 9 10 12 13 15 16 17 19 21 22 25 26 28
uieuiii 0 1 3 4 5 6 8 9 10 12 15 20 21 22 23 24 27 28
uiuuua 3 9 13 15 16 19 20 22 25 29
uoei 5 7 26 27
uu 0 1 6 8 9 20 22 23 24
uuaaoaouio 4 22 25
uuauu 0 2 6 12 13 15 18 19 20 23 24
uueaiieu 0 1 5 6 10 12 13 15 16 17 18 19 20 22 24 26 27 28
uueiai 0 3 4 5 6 8 11 12 13 15 16 23 24 25 26 28
uuieaiaae 8 10 15 19 21
uuoai 0 4 10 11 13 18 20
uuoiiaoa 1 2 3 4 8 9 10 11 13 15 16 18 21 23 24 28
