adya 0 1 3 4 5 8 11 17 18 20 21 25 28
akgrcw 3 7 9 10 12 14 15 16 17 20 23 24 25 26 28
alfomctrg 0 1 7 8 10 12 14 22 23 25 26 28
asenblxkg 0 2 11 15 18 19 20 26
b 0 4 12 13 15 24 25
bke 0 1 5 8 15 18 19 20 22 24 26 27
bong 6 7 11 14 27 29
budphxaxgw 0 2 3 4 5 6 7 9 12 13 14 17 18 20 22 23 24 27
c 0 1 2 7 8 15 17 25 29
ctoya 1 5 28
diub 2 3 4 5 6 7 8 9 11 14 15 16 18 19 22 23 27 29
dlgbmu 1 19 27 28
dmjwe 1 4 6 14 15 21 22 23 25
duavo 1 4 16 17 19 20 25 29
duk 0 1 2 4 6 7 8 10 11 14 15 17 18 20 23 24 25 28
dx 3 5 9 10 12 17 19 20 22 23 24 26 29
eedgpcqes 2 3 7 9 10 15 18 20 21 27 28
ejidm 1 2 3 4 5 6 8 11 12 16 17 19 21 22 23 24 27 29
em 5 6 7 9 14 15 17 19 25
enlsrngpo 6 24
epnntbrd 2 7 8 9 12 13 16 18 19 20 24 26 29
eweerag 0 3 4 6 9 10 13 14 15 23 26 29
f 1 2 5 6 9 10 12 13 16 17 20 22 24 26 28 29
fb 2 5 7 9 13 15 16 20 22 24 25 26 28
fmvgfmuyh 0 1 3 4 8 9 15 17 18 19 21 24 25 26 28 29
fmwbxsvw 0 1 6 7 9 13 16 17 18 23 24
fyw 2 4 5 7 9 10 12 15 17 20 21 23 24 25 26 29
g 0 3 8 9 10 13 16 19 20
ggxolhbsfv 1 3 4 5 6 9 12 13 14 15 18 19 20 24 26 28
gkjoqwjofo 7 10 12 16 17 19 24 27 28 29
guswq 0 2 3 4 5 6 12 13 15 16 17 20 21 26 27 29
iivrxgbuo 4 7 14 19 20 27
ivhbdxaa 1 2 4 5 8 12 15 16 18 22 25
iw 9 16 17 19
jdmbetjxo 1 6 8 10 11 12 15 19 20 21 24 25 26 28 29
jeliwa 0 3 4 5 6 7 9 10 11 14 15 18 19 21 23 27 28
jlyjiu 3 5 8 12 13 16 19 20 21 24 28 29
jprzml 5 6 10 14 18 21 23 24 25 26 29
jtcq 0 4 5 9 11 12 16 17 21 22
ju 1 2 4 6 8 9 10 17 18 19 21 24 25 29
jwmgs 7 14 15 16 18 21 25 26
ka 2 6 12 16 19 20 21 27 29
kaw 0 2 4 6 9 15 18 19 20 23 24 27 28
kby 2 4 5 6 7 10 11 12 13 15 16 17 18 19 20 21 22 24 25 27 29
kletaxrc 26
kmlf 0 1 2 8 12 15 16 17 19 20 24 27
knxg 1 2 8 9 10 11 13 14 19 23 28
krllthpbc 1 3 4 5 8 10 11 12 13 19 22 25 28
kxovhvz 4 7 9 13 17 26 27 28
kzpdaso 6 15 22 24 25
lanjx 1 2 3 5 8 9 10 15 18 19 20 21 22 25 27 28
laosmjq 0 2 6 8 23 28
lglrxjr 9 10 11 12 21 23 24 25 27
ljboni 0 5 6 7 8 10 11 13 14 16 17 18 19 20 21 22 26 28 29
mcqtnz 0 3 4 5 7 8 9 12 15 16 17 20 22 23 24 25 26 27 28 29
mezxx 0 2 4 5 7 11 12 13 14 16 20 21 23 25 27 28
mqbqrtbbw 3 8 9 10 11 12 15 16 17 20 23 24 25 26 27 28
mvgpm 2 3 4 6 7 8 10 11 13 17 18 19 20 22 23 27 28
n 0 11 17 19 22 25
oaamv 0 2 3 6 9 10 11 12 13 16 19 20 22 25 26 27 28
odair 0 3 4 6 7 8 10 11 16 17 18 20 21 23 25 26 27 28 29
oizm 0 2 20 24
ophedaytff 2 8
oty 9 13 16 19 20 21 25
ourbjplini 7 12
pbjqxlvaht 1 3 4 5 6 8 10 12 15 16 17 18 19 20 21 23 25 28
phcu 4
pjuklno 2 4 5 8 10 14 17 20 22 24 25 26 29
pwcveu 12 14 29
qqirwq 2 7 9 18 29
r 0 6 7 9 10 11 12 14 16 17 19 21 23 24 25 26 27 28
rodl 5 9 25
sllsgr 2 3 5 6 7 10 12 13 14 15 16 19 21 22 24 25 27
tgzohwedoj 1 2 7 9 12 13 15 29
tw 3 4 5 6 10 11 12 14 16 17 19 20 22 25 28
txffxt 0 3 8 9 14 20 28 29
u 0 3 5 6 7 8 11 15 18 23 25 29
udj 0 3 4 6 7 10 12 16 23 26 27
uhzgrlsbyo 1 3 4 7 10 14 17 18 20 24 26 28
uqxrshd 2 3 5 6 8 9 11 12 18 19 22 23 24 25 27 28 29
uvznuyqg 5
ve 1 8 10 11 12 16 23 24 25 26 27 29
vhkufgx 0 6 7 9 10 12 17
vqbmirm 1 2 14 18 21 22 23
weceqfvdap 0 3 6 9 11 12 15 19 21 24 27
woo 1 7 12 15 16 18 19 22 28
wsxkude 1 3 4 6 7 15 16 18 19 20 21 22 23 24 28 29
xkcsyfi 8 13 18 23
xlmgu 2 19 21 24 25 26 27
xwgtqw 0 7 10 12 14 18 19 20 21 22 23 25 27 28 29
xzckb 1 3 6 9 13 15 16 17 18 20 21 22 23 25 29
y 1 2 3 5 7 10 15 16 17 19 21 24 25 27 29
yb 0 4 7 9 12 15 21 22 23 26 28 29
yrjzr 4 5 6 9 10 11 12 14 15 17 18 19 21 22 23 25 28 29
zckur 0 1 4 5 6 7 8 9 16 20 21 22
zdedxxwicv 0 4 5 6 7 9 10 12 14 15 17 18 19 22 23 27 28
zpi 3 5 10 11 14 15 17 21 28
zzmhtg 1 3 5 6 8 11 12 14 15 16 17 18 22 23 25 26
