0 0 3 4 6 7 9 11 13 14 15 17 19 22 23 26 27 28 30 38 40 41 42 44 45 48 51 52 57 58 62 65 67 69
0015125748829427779 0 3 13 14 16 18 19 20 25 29 31 32 33 34 40 42 46 49 51 54 58 66 68 69
0035141461445570597 2 3 5 6 8 11 13 17 18 19 21 23 24 26 27 31 32 34 35 39 42 44 45 48 51 54 55 57 60 61 62 68 69
0068 2 3 4 6 7 8 9 10 11 14 15 17 18 21 22 23 27 28 32 33 34 36 37 38 46 47 48 50 54 55 58 60 62 65 66 67 68 69
00756552945926570080019 0 2 3 4 6 7 8 11 13 18 19 21 22 24 25 26 27 28 29 31 33 35 38 39 41 43 44 47 48 49 52 55 61 62 63 64 65 66 67 68
0093880846018146536133806606139066308 0 6 11 13 15 17 18 21 22 28 30 33 35 36 37 38 40 41 43 44 45 46 47 48 55 56 57 58 59 60 62 63 66
028218798609237658351607562959 1 2 4 6 7 13 15 16 20 21 22 23 24 29 30 32 35 36 37 38 39 40 41 42 48 49 53 56 62 64 65
03604734875730427084423609 1 19 21 30 31 37 43 45 49 50 60 61 65 66
0362538 3 5 7 8 10 17 20 22 24 25 27 35 37 38 40 41 42 43 44 46 47 49 50 51 52 57 62 63 64 65 68
0371727635210722086590794315351107 0 3 4 6 8 9 11 12 15 16 18 20 21 22 25 26 27 28 29 30 31 32 33 34 36 39 41 42 45 48 51 52 53 54 55 56 57 59 60 61 62 64 65 66 67 68 69
0409706025880532549 0 1 2 4 11 12 15 16 18 22 23 25 27 29 32 33 36 38 41 42 43 45 47 48 49 50 53 54 55 56 57 59 61 64 65 66 67 68
0438240638733332695757717540820821411 7 10 12 13 15 16 23 25 33 40 41 45 47 49 50 68
0445120851977633340141 0 1 2 3 4 7 10 11 12 13 14 18 19 21 22 23 24 25 26 28 31 32 33 34 35 36 38 43 46 47 49 50 54 58 60 66 68 69
04579089375705960560417681878230367107 2 3 4 5 8 10 12 14 15 16 18 20 21 22 24 25 29 30 31 32 34 37 40 43 47 48 49 50 52 53 55 58 60 63 64 65 66 67 68 69
0498224230057302435420 0 1 2 3 4 7 10 12 14 16 17 18 19 22 23 24 25 26 27 28 31 32 33 36 38 39 40 41 45 46 48 49 50 51 52 53 54 55 56 58 60 62 63 64 65 67 68
0506376666 1 2 4 6 8 9 11 14 15 18 28 29 30 32 33 35 36 40 42 44 47 48 49 50 51 52 56 58 62 63 65 68 69
052412550587 9 10 17 22 25 29 33 34 38 40 43 52 53 60 61 64 66 67 68 69
054545916343904912498495421014101 3 13 15 24 32 33 35 37 50 54 59 62 63 68
0626809349897495145493202869 0 1 3 5 8 9 12 14 16 17 24 26 27 28 29 30 31 34 35 36 41 43 44 46 49 50 53 54 55 57 59 60 63 64 65 66 67 68 69
064392091226975560431887131257374 0 1 6 7 8 10 12 14 15 18 19 20 22 24 25 26 27 28 33 34 35 36 38 39 40 41 42 43 46 47 48 49 50 51 53 55 58 64 66 67 69
0711889442137617 8 62
08365714505762422518083 0 14 24 40
083856600501315415 5 7 8 9 22 35 37 50 66 67 69
0842085444734016239362811636 0 2 3 4 5 7 8 9 10 11 12 14 17 19 21 23 25 26 27 28 29 30 36 38 39 40 42 45 46 48 51 52 53 54 57 58 59 62 63 65 66 67 69
08425592400304278999166 2 4 7 10 13 15 17 20 23 24 25 27 29 30 35 36 42 43 46 47 48 50 51 52 53 54 55 56 58 59 60 61 64 65 66 67 69
10927 2 5 6 10 11 15 17 18 20 23 24 25 30 31 33 34 35 36 37 41 42 44 48 49 54 56 57 59 60 61 63 65 68 69
12813148028998413327128611408799 1 2 3 5 8 11 15 16 19 20 24 25 26 30 32 35 39 40 45 46 49 51 52 53 54 57 59 61 63 65 68 69
1286326645459152085204195709715786288235 2 3 5 13 14 16 17 18 19 21 24 26 31 36 37 40 42 44 45 48 57 61 63 65 67 69
13115601454290478728525 0 1 2 3 4 7 8 9 10 13 14 15 16 17 18 19 23 24 27 31 35 37 38 39 45 46 47 48 49 50 51 53 54 55 56 57 59 60 61 62 63 65 66 69
13820729127513618047452 2 3 6 9 10 15 18 22 23 24 29 30 31 32 33 35 36 39 42 48 49 55 57 58 61 67
139981187303764279494 2 4 10 12 13 14 16 18 21 22 23 27 29 34 35 36 39 45 46 47 48 49 50 52 53 55 57 59 62 64 67 68 69
1457968779861353157 10 68
148805655546018471162 10 13 34 41 55
1489863898430 0 1 2 3 4 5 6 7 10 11 12 13 14 16 17 18 19 20 21 25 27 29 32 36 37 38 39 40 42 43 49 50 52 53 54 55 60 62 66 67 69
1493338929390903897 0 2 6 7 8 10 11 12 13 14 16 19 22 24 26 28 30 31 32 33 34 35 36 38 40 41 42 45 46 49 50 51 53 54 56 60 61 62 64 67 69
15559099475040 0 2 6 7 8 9 10 13 14 15 16 17 19 20 21 22 24 27 28 29 36 40 41 42 43 44 45 46 47 49 52 53 55 57 59 61 62 64 66
16309402417014029222993842978193826 3 8 15 22 26 36 42 54 55 58 68 69
16479385433064881398330735521471229814 2 5 6 9 14 22 24 25 27 31 32 33 35 37 38 41 42 45 46 49 50 51 55 56 60 62 65 69
17039994807219931905536827236327887199 0 5 7 9 12 13 17 18 20 23 24 28 29 31 33 34 37 40 41 42 45 46 47 49 50 52 53 54 56 57 59 61 62 64 65 66 67 68 69
172139791426493705614535243134805483 0 3 4 6 7 8 10 15 16 18 19 20 21 22 23 25 26 27 28 29 30 31 32 33 35 37 40 41 42 43 44 45 47 48 51 52 53 55 57 58 59 61 64 65 68
182375762033448127630850190760327 3 22 36 52 56 62 66
186958927170221 0 1 9 27 31 33 35 37 38 40 44 52 63
1888141062595963019838409792519 0 4 5 8 10 13 15 16 18 19 20 21 23 30 32 33 36 37 38 39 40 41 43 45 48 54 58 61 62 63 67 68 69
1919 3 11 14 21 23 46 52 61 67
19545749524064256048819 2 4 6 7 8 9 10 12 14 18 19 21 22 23 24 26 28 31 32 33 36 38 40 41 42 43 46 47 50 51 52 55 56 59 60 61 63
204434471170200750879762973905 1 4 6 7 8 9 10 11 13 14 16 18 19 20 22 31 32 33 35 36 37 38 39 41 44 46 48 50 52 56 57 60 63 64 65 66 67
211 0 1 2 6 8 11 12 14 22 23 24 27 28 30 32 34 35 38 39 40 41 42 46 48 49 50 54 55 59 60 62 64 65 66 67 68
21658729789694863570858227994156061 5 10 14 16 17 18 20 22 24 25 33 41 44 46 47 48 50 51 53 54 58 60 63
2291231587760661634 0 45 57 68
2421364083327670129428246 3 6 12 13 14 15 16 18 20 21 23 27 29 30 33 35 38 39 40 41 42 43 45 46 47 49 51 53 54 55 57 59 62 66 67
245 1 2 5 6 8 10 12 13 14 16 19 20 21 22 23 25 26 28 31 32 36 37 38 39 41 42 43 44 46 47 49 50 51 53 55 56 60 65 68 69
25055435993582349056521929928795293108 4 6 7 8 9 10 11 13 14 15 16 17 18 19 24 25 26 27 29 30 32 33 35 37 40 41 45 46 47 48 51 52 53 59 60 68
2523782215813454368263 2 4 5 6 7 9 10 11 12 13 15 17 19 21 25 26 29 30 31 37 38 42 45 47 48 49 51 52 57 60 61 65 66 67 68 69
26181758263425109509 15 24 32 35 37 40 42 48 54 55 56 57 61 65 66 68 69
265432721729111665873853360520034218 4 5 7 9 10 13 14 16 18 19 20 26 29 35 39 43 47 48 49 52 58 60 62 65
270668440648677065402 0 2 4 6 7 8 9 10 11 12 13 14 15 18 19 21 22 25 26 28 33 34 35 36 38 41 42 43 46 47 48 49 50 53 54 55 56 57 60 61 63 64 65 66 67 68
2714921154952682002 0 1 3 9 16 17 18 19 23 27 29 30 32 34 35 36 37 38 42 46 49 50 51 52 53 54 55 56 57 59 61 62 63 65 66 68 69
2747709262380 0 2 3 4 5 6 7 8 13 15 17 18 21 22 26 27 28 32 33 34 36 37 38 39 40 41 42 43 46 47 49 50 55 56 57 58 59 60 63 64 66 67 68 69
2757383446 0 4 8 10 12 14 15 16 22 24 29 30 31 35 36 37 38 39 41 44 46 47 53 54 57 58 60 61 62 63 66
27595785906693059334015775691 9 13 20 23 24 30 31 33 35 38 40 42 43 47 56 60 61 67
28 2 4 5 7 9 11 15 16 17 18 20 21 22 24 25 26 27 28 29 31 32 33 34 35 37 38 40 42 43 46 48 49 50 53 56 58 59 61 66 67 68 69
286112408314 8 9 10 14 15 16 17 18 21 24 25 27 29 32 34 35 37 38 39 41 42 43 44 45 46 47 48 49 50 53 54 55 56 63 64 65 66 68 69
292724851358579420663984 0 1 2 4 6 7 11 14 15 17 18 21 24 25 29 31 32 35 36 38 41 42 43 47 52 56 57 67
300973 1 5 9 11 12 13 14 19 20 21 22 25 30 31 39 41 42 43 45 50 51 52 54 58 59 63 66 67
307646078594438607494208008567385827 1 2 3 5 6 7 8 10 11 12 13 14 18 19 20 21 23 24 25 26 27 28 29 32 37 42 44 46 47 48 49 51 55 59 60 62 63 66 67 68 69
31049908759598 3 4 5 6 7 9 12 13 14 21 22 30 32 36 37 44 52 53 55 63 69
3111807765151133894958471817 0 1 2 3 12 14 21 23 25 32 34 37 42 43 44 47 55 61
31208804381035668518402327 3 5 6 8 9 12 13 16 17 19 20 21 23 24 25 26 28 31 33 34 35 36 37 38 40 41 42 43 44 47 48 49 52 54 55 56 62 63 64 66 69
3129400027567153078020102088054 2 4 5 6 8 14 16 17 18 23 24 26 30 31 32 35 36 39 41 42 43 44 45 49 50 52 57 59 61 62 64 65 67
3143508989932439703980514 2 4 15 25 28 30 35 37 40 45 48 51 54 56 57 60 65 69
32996490494117 0 5 9 10 11 13 16 17 19 22 23 24 29 33 38 39 40 43 44 46 51 52 55 56 57 58 59 60 62 64 65 66
334645 0 1 3 4 6 7 11 14 15 18 24 25 26 29 33 35 36 38 41 43 44 45 48 50 55 56 57 59 60 63 64 65 66 67
3358311 1 4 7 8 10 11 13 15 16 18 19 22 23 24 27 28 30 31 32 33 37 39 40 42 43 44 45 46 47 48 50 51 53 54 55 56 57 63 66 68
338691703575823778058485152842092 0 2 11 13 15 16 18 21 25 26 32 33 35 36 43 45 46 57 58 60 66 68
33958000072229534148920241697 3 4 5 9 11 13 14 17 20 22 25 27 33 36 42 43 44 46 47 49 57 59 61 62 64 67 69
34156981602374 6 11 13 17 19 33 38 43 56 61 63
34338341207395845494212049472659129840 1 3 4 5 6 7 8 9 10 11 13 15 18 19 21 25 26 29 30 31 35 36 39 40 43 45 49 51 52 53 54 55 58 59 60 62 63 65 66 67 68 69
34684680353960154 1 5 12 15 21 36 37 40 42 54 57 58 61 62
34759795148605826859159410808193165031 0 1 5 9 11 13 15 17 18 19 21 23 25 26 27 29 30 33 34 35 36 37 38 40 42 43 44 45 47 49 50 53 57 58 59 61 63 66 67 69
3510595289928958 0 1 2 3 5 6 7 8 9 10 11 12 16 21 23 25 28 29 30 31 32 33 34 36 37 38 40 41 42 45 47 48 50 55 56 58 59 60 62 63 64 66 67 68
35866508830717634505915147157656841707 1 3 6 7 8 10 23 28 35 39 43 47 57 58 59 61
36086750 0 1 4 6 7 8 9 10 12 13 14 16 18 21 23 24 25 26 28 29 30 31 32 33 35 37 38 41 42 45 47 49 50 51 53 54 56 57 58 59 62 65 68 69
37989709918723984313891877573778963703 0 1 5 6 10 11 13 14 15 16 19 23 26 29 31 32 33 34 35 36 38 40 41 44 46 47 48 49 52 53 54 56 57 60 61 62 65
384072 3 11 16 20 21 26 27 31 33 40 46 58 63
385258048966003950814129618016423 0 1 2 5 7 8 9 11 12 13 16 18 21 22 23 24 25 28 29 30 31 32 33 34 35 36 37 38 39 41 42 43 44 50 51 52 53 54 55 57 58 59 60 61 62 63 69
389 0 2 3 5 8 9 11 14 17 21 24 26 28 29 30 32 35 36 42 43 45 47 48 50 51 52 58 59 64 66 69
399319326732770604279427022736637016905 4 5 6 9 13 14 18 21 22 25 26 27 30 33 35 43 50 53 55 56 66 67 68
4086354047085928244460622102356919385762 2 3 4 5 6 7 9 10 11 12 13 14 15 17 18 20 21 23 26 28 29 31 33 35 36 37 39 42 44 45 47 48 49 50 51 53 56 58 59 60 61 63 68 69
4156469659 2 3 7 10 12 13 15 16 20 22 25 26 27 28 29 30 32 37 38 53 59 60 61 63 64 65 67
420323397028308996905813760193917369 2 4 5 18 23 25 27 42 46 49 50
42595174152732717354 4 9 15 23 24 26 27 30 31 32 33 40 42 44 49 50 52 54 60 61
433832574976681408602849775582124368223 0 2 17 26 30 39 44 45 46 53 58 59 61 65
4345121675 8 11 13 15 20 32 37 41 45 47 61
435808948875221896192207359100 0 2 4 5 6 7 8 9 10 13 14 17 18 29 30 33 34 35 37 39 40 43 46 48 49 50 57 61 65 67
440060937626337811911078692456303 1 2 4 5 6 7 9 12 13 15 17 21 22 24 30 31 33 34 37 38 40 42 44 45 46 49 50 54 55 58 59 61 63 64 65 69
44337403 2 3 7 9 10 11 13 15 19 20 21 24 26 28 32 34 36 38 41 44 45 46 47 49 50 51 52 53 55 56 57 58 62 63 64 66 67 69
4437859749425850953523531145854336 8 10 55 57 64
4484814965 2 3 5 6 10 11 12 13 14 15 17 19 22 23 26 28 29 30 31 32 33 34 36 39 41 42 47 48 49 50 51 55 56 58 59 62 65 66 68 69
458516 4 20 35 37 45 64 66
46 0 3 4 5 6 7 9 11 12 14 17 18 22 24 25 26 27 29 31 32 34 35 36 39 40 41 42 45 46 47 48 49 51 52 53 54 56 58 59 61 63 68 69
466246485108645956 3 6 14 15 16 22 34 45 48 52 53 60 66 69
47092762356169733187 2 6 8 12 13 14 17 20 22 24 27 31 35 40 43 45 51 53 56 61 63
4934534342016547334 0 1 3 6 8 12 15 20 21 24 25 27 31 34 36 37 38 40 42 43 44 47 49 50 54 55 56 57 58 63 67
5010639737162 2 4 7 9 11 15 17 25 26 28 29 31 34 37 40 42 46 49 59 60 62 63 68
510276923511336763659650830049 22 39
5115511118305346798467908565 10 29 31 53 54 55 56 58
5219041395541 1 3 35 43 47 52 61
52542 5 7 10 11 12 13 14 16 17 21 24 28 30 31 32 34 36 38 39 40 42 44 45 46 52 56 57 58 61 64 65
52620296911457754965781 8 9 15 22 29 32 46 52
53292868 3 5 7 12 13 17 19 24 29 30 31 33 34 35 37 46 49 51 52 56 60 62 65 68
5413833334831380776815767366784216 12 54 55 60
550028 0 1 2 4 5 6 8 11 12 13 15 18 21 22 23 24 25 26 27 29 30 31 35 36 38 39 40 41 43 45 47 48 49 52 53 54 55 58 64 66 67 68
5537038987464250900109705517805418 2 4 13 17 18 19 21 22 24 27 28 30 32 40 41 46 49 53 55 61 65 68 69
558615753968379264592 0 1 3 11 15 19 28 46 47 51 54 57 66 67
562353705715234952642502871525 0 1 3 5 7 8 9 11 14 15 16 17 18 19 21 22 26 28 29 31 33 34 36 37 38 39 44 45 46 47 49 51 53 54 55 56 57 60 63 67 68 69
565311976236169097339100 1 3 4 5 8 11 12 14 19 20 22 23 24 25 27 28 29 30 33 36 38 41 42 43 44 45 46 48 52 53 56 57 59 60 65 67 68
56781217 1 2 4 5 6 7 8 9 10 15 21 26 27 28 30 33 35 36 42 49 58 59 60 62 63 68 69
58669348435 1 2 5 6 9 12 13 14 18 20 21 29 31 34 36 38 40 46 47 48 49 51 54 55 58 61 62 63 67 68 69
5905727299056629750328199689786794484442 2 8 17 20 33 39 63 64
61331 2 3 6 8 9 11 12 18 21 25 27 29 30 34 35 38 43 44 47 49 53 54 58 59 60 62 63 67 68 69
6218367820433346678148206528 2 3 4 6 8 9 10 15 17 20 22 24 25 28 29 30 31 34 36 41 42 44 45 46 47 50 52 53 54 57 59 61 63 64 66 67
62416652840167044524126763911152 0 1 4 6 7 8 10 12 13 14 16 22 23 25 26 27 28 31 33 35 36 37 38 39 40 41 42 44 45 48 49 51 52 53 55 56 57 60 62 63 65 67
624771421213940490620071025 5 13 15 16 22 25 29 31 35 41 53 54 60 62 63 64 65 66 68
62588383427370749100574255 3 4 5 6 9 14 19 20 24 29 32 33 37 42 45 47 58 59 60 62 63 64 65 66 67 68
64145439244179775735 0 1 2 4 5 7 8 9 13 17 19 21 23 26 27 28 31 32 33 36 38 39 40 45 46 47 48 50 53 54 56 57 59 60 62 64 65 66 67 68 69
6426798616555844910112018296273741677 2 3 5 7 8 11 13 14 15 16 17 19 20 21 27 28 29 30 36 37 38 39 42 43 44 46 47 48 49 50 51 52 55 57 58 59 62 63 65 66 68
646401586105810338789455742538263 13 18 28 33 38 39 52 61 64
649644342524721477088305 0 2 4 11 13 31 43 61
650 2 7 13 19 20 22 24 27 28 31 33 36 39 42 43 45 48 51 55 56 62 66 69
65050122571318083469847831 1 2 3 6 9 15 17 18 19 21 22 24 27 29 30 31 32 33 35 36 37 38 39 42 47 49 51 52 54 58 59 61 62 63 66 67
6533515664853651 0 2 3 4 13 21 22 23 25 28 33 34 43 44 47 55 58 59 65
6607534538020020631323 0 1 3 7 9 12 14 15 16 18 19 21 22 23 24 26 29 30 32 33 34 37 38 41 42 43 44 46 50 54 56 57 59 60 62 63 64 65
6614108680634064556 0 4 6 8 10 15 16 17 19 21 28 31 32 33 35 36 38 40 42 43 44 50 51 55 58 59 60 62 68
6621043 0 1 4 5 6 7 8 9 10 15 16 18 21 22 25 26 28 29 30 31 33 35 36 37 38 40 41 42 43 45 46 48 49 50 51 52 53 55 56 57 58 60 62 63 65 69
66797089926033 3 4 8 12 13 15 16 17 20 23 24 25 29 32 34 38 41 42 43 45 51 54 55 58 59 60 62 65 68 69
670190597844025643344900 0 31 57
6823302614707653429546798574382735565358 3 4 5 7 8 10 12 26 28 32 34 35 41 43 45 46 48 49 54 61 64 66 67
69024 3 6 9 10 20 21 26 27 38 39 42 45 46 50 57 60 61 63 64 69
7 23 34
70770394507907241122232731386047084 0 1 4 5 6 8 9 11 12 13 18 19 23 26 27 28 29 32 33 38 44 48 50 51 52 54 55 56 57 58 60 61 63 64 65
708700286 4 9 12 42 46 53 55 64 69
7167139163436396943489 0 2 3 4 7 8 11 12 15 16 18 19 20 24 26 27 28 30 32 34 41 42 44 47 50 51 53 55 56 57 58 63 64 66 67
7224288410244155135086816159351 3 4 5 6 10 11 12 14 15 16 17 18 19 20 21 24 25 26 29 31 33 35 37 39 41 43 46 49 50 51 53 54 55 56 57 59 60 61 62 63 64 67 69
7234623288443836584165791 37 47 48 49 69
72662419243641645909675 1 2 4 5 11 12 14 15 25 27 32 33 34 35 38 39 42 44 46 57 61 63 64 66
7310 0 1 2 3 5 8 9 13 14 16 18 21 22 25 28 32 34 35 39 40 43 47 49 50 53 54 57 58 63 64 65 68 69
736212093 0 1 2 3 5 6 7 10 11 12 13 15 17 19 20 23 25 26 27 28 29 33 34 35 36 39 40 42 43 46 49 50 51 52 54 55 57 58 59 60 62 66 67 69
752362430421448004819261157561485204965 6 8 14 20 22 31 39 41 47 61 69
760807475479946689882282709429 0 2 3 4 5 6 7 8 9 10 15 18 19 20 21 22 23 24 28 29 32 35 36 38 39 40 43 44 48 51 52 54 55 57 59 61 63 66 67
76466563986 18 25 33 38 44 45 46 49 55 61 64
7666535293939027956890293841135190234 15 22 69
776276861756824681875567 0 1 11 17 18 20 24 48 52 56 57 64 66 68
78428070469497762 7 11 19 20 22 59 65
784316337560673327757781223827385 0 11 17 30 34 43 53 63 65 67
78736600610916318944505055745781 0 1 2 11 12 14 15 16 17 18 19 20 23 26 27 28 30 31 36 39 40 41 48 51 52 55 56 59 60 62 64 66 69
78943 0 2 3 4 5 6 8 13 15 18 19 20 23 25 26 30 32 33 35 36 38 40 42 43 44 45 46 48 51 54 55 58 61 63 64 66 68 69
79304 3 19 22 31 40 43 44 49
79597925 0 2 3 4 5 6 9 10 11 13 14 15 16 17 19 20 21 23 24 25 27 29 30 31 32 34 36 38 39 40 41 43 44 46 47 48 49 52 53 56 59 60 63 66 69
797943612792374154197 5 6 7 9 15 17 18 22 33 36 45 47 50 51 52 55 56 57 61 63 64
79795066125864706678769183650994589640 3 7 8 11 15 18 19 24 27 29 36 38 54 60 66 69
8017797730092155569506052611905713769 4 8 9 12 13 15 22 23 27 28 29 30 31 32 33 35 39 40 49 53 54 55 56 59 61 62 67 68
8060401692411177157479020942348510772 2 3 6 7 14 15 18 19 21 31 33 38 41 42 49 52 54 55 59 65 67 69
812070273181999939 20 24 25 27 30 32 34 36 39 42 47 48 50 54 57 61 65 67 69
826130956588604477691710728975502 4 5 6 7 10 11 14 16 18 19 20 23 24 27 29 30 31 32 34 35 36 37 38 41 42 43 46 47 48 50 51 52 53 54 55 56 58 60 62 63 64 66
842463787152680930509858037799 0 1 2 3 5 6 7 9 12 14 18 21 24 27 29 31 33 34 37 39 43 48 49 54 55 56 58 59 61 62 64 69
843684968981657636 1 3 4 7 8 13 14 16 17 19 23 25 26 27 30 34 36 38 39 40 42 46 47 49 50 51 56 57 61 65 66 67 69
8453830989241661659790834488700758281118 0 4 7 8 10 18 20 22 24 32 35 36 42 46 49 51 54 60 61 64 67
847061538866284950750484428 7 9 10 12 14 15 16 19 22 23 24 26 30 33 38 40 45 51 52 54 56 60 61 63
848414855 5 7 10 12 24 26 30 33 34 37 41 45 48 52 54 62 64 66
8595931026889156009843214480434547 0 1 2 6 8 9 10 11 14 16 17 18 20 21 25 26 29 31 32 37 41 42 43 46 48 50 51 52 55 56 58 60 61 62 64 66
86401329005117815702636584939 0 3 8 13 16 18 20 21 28 29 34 35 40 42 46 51 59 61 64 66 67
8667669481 0 1 2 3 5 7 9 10 11 15 19 22 25 27 29 30 32 33 34 39 41 43 44 45 48 49 53 56 57 62 65 67
86819045838679712070410241500472 1 2 3 5 7 9 10 14 16 17 18 19 20 22 23 24 25 26 29 32 33 36 38 39 40 42 43 44 45 46 48 52 54 55 58 59 60 62 63 64 65 66 68 69
873437909769474634972212 15 28 29 48
87669943795545827028274254858 0 1 2 4 5 6 9 12 13 15 17 18 19 21 23 24 25 31 32 33 34 35 37 38 47 52 54 55 57 59 60 61 62 64 69
881231429919961061026120756503 15 17 23 29 34 44 45 53 57 58 62 67
89491470446400744937 0 1 3 5 6 7 8 11 13 14 17 20 24 25 26 28 29 32 36 44 46 47 48 49 50 51 52 54 60 61 68
8960684329962788 0 1 2 3 4 5 8 9 10 11 12 13 18 19 21 26 27 28 29 30 31 34 37 39 41 43 44 45 49 50 52 53 57 59 60 61 63 65 66 68
9059920533387026577808859337929189104212 1 6 8 11 12 13 14 15 17 19 20 21 22 24 26 27 31 34 40 43 47 48 49 53 54 55 56 59 61 67 69
908591812568441600282457208048892721343 5 7 9 11 12 20 32 35 37 42 52 59 61 62
915764181 0 5 7 12 14 16 19 21 22 23 25 26 27 30 31 32 33 36 38 40 41 42 43 44 45 53 54 56 60 62 63 64 65 66 67 68
918140050252758755231107078 35 52 57 65
923824640054075516901 0 2 4 5 7 8 10 11 13 14 15 17 18 21 22 23 24 26 30 33 34 35 36 37 39 40 41 43 44 45 46 49 50 52 53 54 55 56 57 59 60 62 64 65 66 68
93902920 2 3 4 6 7 8 10 13 14 15 16 17 21 23 24 25 29 30 36 38 40 43 45 47 49 52 53 55 57 63 65 66 67 69
94602 19 35 41 63
94719 7 9 10 22 23 24 26 27 30 34 37 38 39 40 41 42 43 44 45 46 47 51 52 53 55 59 62 64 65 67 68 69
949752397142 12 18 62
953 4 10 27 30 33 42 62 68
955673471337314985783792092558 0 1 5 6 9 13 15 16 17 19 21 24 25 26 28 29 31 34 35 37 38 41 46 47 48 49 52 53 54 55 57 58 59 62 63 66
9566898483819666055201237 0 2 3 4 5 10 13 14 16 17 18 23 24 26 27 28 31 32 36 43 46 48 51 52 58 60 61 62 63 65 66 67
957208432290 1 10 44
9578932526585648491079155750259039893 0 4 6 7 8 10 18 21 24 33 37 47 55 68 69
96622 0 1 4 5 7 8 11 12 13 14 16 18 19 20 22 24 25 26 29 30 34 35 37 38 39 40 41 42 43 47 48 50 52 54 55 61 62 63 65 67
966225768810240627761990 0 1 4 5 6 7 12 14 16 17 18 19 21 22 23 24 27 28 30 31 32 35 37 38 39 40 42 43 44 46 47 48 52 54 55 57 60 64 67 69
96849170856458855513939650835 0 1 2 4 5 6 8 11 14 16 17 18 19 20 28 29 30 31 32 33 34 38 40 42 44 46 48 49 50 52 53 57 59 63 64 65 67 69
97237220393347571129375019539761053 2 4 5 6 7 8 10 13 17 19 20 21 23 24 28 29 31 33 34 35 37 38 39 40 41 45 46 47 48 50 52 56 57 58 59 60 65 67 68
9734 16 19 20 27 28 30 31 34 43 45 47 60 61 64 69
98362 0 1 3 4 5 7 10 11 12 13 17 18 23 25 27 28 30 34 35 38 40 41 42 44 45 47 49 53 54 55 56 57 60 63 67 68 69
9851736653253055797357180341713106230 0 4 5 6 8 10 11 15 16 17 20 21 24 25 27 28 29 32 34 35 36 37 39 41 42 43 46 47 48 49 50 51 53 54 55 56 59 60 61 62 63 67 68 69
9941502962730770038010883093 4 9 28 39 66
